1,2,承德市,1
2,2,保定市,2
4,1,test,1
5,5,合肥市,1
6,5,淮南市,2
7,5,淮北市,3
8,5,芜湖市,4
9,5,铜陵市,5
10,5,蚌埠市,6
11,5,马鞍山市,7
12,5,安庆市,8
13,5,黄山市,9
14,5,宿州市,10
15,5,滁州市,11
16,5,巢湖市,12
17,5,宣城市,13
18,5,池州市,14
19,5,六安市,15
20,5,阜阳市,16
21,5,毫州市,17
22,6,澳门,1
23,7,北京市,1
24,8,重庆市,1
25,9,福州市,1
26,9,厦门市,2
27,9,三明市,3
28,9,莆田市,4
29,9,泉州市,5
30,9,漳州市,6
31,9,南平市,7
32,9,宁德市,8
33,9,龙岩市,9
34,10,兰州市,1
35,10,金昌市,2
36,10,白银市,3
37,10,天水市,4
38,10,嘉峪关市,5
39,10,定西市,6
40,10,平凉市,7
41,10,庆阳市,8
42,10,陇南市,9
43,10,武威市,10
44,10,张掖市,11
45,10,酒泉市,12
46,10,甘南藏族自治州,13
47,10,临夏市,14
48,11,广州市,1
49,11,深圳市,2
50,11,珠海市,3
51,11,汕头市,4
52,11,韶关市,5
53,11,河源市,6
54,11,梅州市,7
55,11,惠州市,8
56,11,汕尾市,9
57,11,东莞市,10
58,11,中山市,11
59,11,江门市,12
60,11,佛山市,13
61,11,阳江市,14
62,11,湛江市,15
63,11,茂名市,16
64,11,肇庆市,17
65,11,清远市,18
66,11,潮州市,19
67,11,揭阳市,20
68,11,云浮市,21
69,12,柳州市,1
70,12,桂林市,2
71,12,梧州市,3
72,12,北海市,4
73,12,南宁市,5
74,12,玉林市,6
75,12,来宾市,7
76,12,百色市,8
77,12,防城港市,9
78,12,钦州市,10
79,12,贵港市,11
80,12,贺州市,12
81,12,河池市,13
82,12,崇左市,14
83,13,贵阳市,1
84,13,六盘水市,2
85,13,遵义市,3
86,13,铜仁地区,4
87,13,毕节地区,5
88,13,安顺市,6
89,13,黔西南布依族苗族自治州,7
90,13,黔南布依族苗族自治州,8
91,13,黔东南苗族侗族自治州,9
92,14,海口市,1
93,14,三亚市,2
94,14,省直辖行政单位,3
95,15,石家庄市,1
96,15,邯郸市,2
97,15,邢台市,3
98,15,保定市,4
99,15,张家口市,5
100,15,承德市,6
101,15,唐山市,7
102,15,秦皇岛市,8
103,15,沧州市,9
104,15,廊坊市,10
105,15,衡水市,11
106,16,哈尔滨市,1
107,16,齐齐哈尔市,2
108,16,鹤岗市,3
109,16,双鸭山市,4
110,16,鸡西市,5
111,16,大庆市,6
112,16,伊春市,7
113,16,牡丹江市,8
114,16,佳木斯市,9
115,16,七台河市,10
116,16,绥化市,11
117,16,黑河市,12
118,16,加格达奇,13
119,17,郑州市,1
120,17,洛阳市,2
121,17,开封市,3
122,17,平顶山市,4
123,17,焦作市,5
124,17,鹤壁市,6
125,17,新乡市,7
126,17,安阳市,8
127,17,濮阳市,9
128,17,许昌市,10
129,17,漯河市,11
130,17,三门峡市,12
131,17,商丘市,13
132,17,周口市,14
133,17,驻马店市,15
134,17,信阳市,16
135,17,南阳市,17
136,17,省直辖行政单位,18
137,18,武汉市,1
138,18,黄石市,2
139,18,襄樊市,3
140,18,十堰市,4
141,18,宜昌市,5
142,18,荆州市,6
143,18,鄂州市,7
144,18,孝感市,8
145,18,黄冈市,9
146,18,咸宁市,10
147,18,荆门市,11
148,18,随州市,12
149,18,省直辖行政单位,13
150,18,恩施土家族苗族自治州,14
151,19,长沙市,1
152,19,株洲市,2
153,19,湘潭市,3
154,19,衡阳市,4
155,19,邵阳市,5
156,19,岳阳市,6
157,19,常德市,7
158,19,张家界市,8
159,19,娄底市,9
160,19,郴州市,10
161,19,永州市,11
162,19,怀化市,12
163,19,益阳市,13
164,19,湘西土家苗族自治州,14
165,20,南京市,1
166,20,徐州市,2
167,20,连云港市,3
168,20,淮安市,4
169,20,盐城市,5
170,20,扬州市,6
171,20,南通市,7
172,20,镇江市,8
173,20,常州市,9
174,20,无锡市,10
175,20,苏州市,11
176,20,泰州市,12
177,20,宿迁市,13
178,21,南昌市,1
179,21,景德镇市,2
180,21,萍乡市,3
181,21,新余市,4
182,21,九江市,5
183,21,鹰潭市,6
184,21,上饶市,7
185,21,宜春市,8
186,21,抚州市,9
187,21,吉安市,10
188,21,赣州市,11
189,22,长春市,1
190,22,吉林市,2
191,22,四平市,3
192,22,辽源市,4
193,22,通化市,5
194,22,白城市,6
195,22,延边朝鲜族自治州,7
196,22,白山市,8
197,22,松原市,9
198,23,沈阳市,1
199,23,大连市,2
200,23,鞍山市,3
201,23,抚顺市,4
202,23,本溪市,5
203,23,丹东市,6
204,23,锦州市,7
205,23,营口市,8
206,23,阜新市,9
207,23,辽阳市,10
208,23,铁岭市,11
209,23,朝阳市,12
210,23,葫芦岛市,13
211,23,盘锦市,14
212,24,呼和浩特市,1
213,24,包头市,2
214,24,乌海市,3
215,24,赤峰市,4
216,24,乌兰察布盟,5
217,24,锡林郭勒盟,6
218,24,呼伦贝尔市,7
219,24,通辽市,8
220,24,鄂尔多斯市,9
221,24,巴彦淖尔盟,10
222,24,阿拉善盟,11
223,24,兴安盟,12
224,25,银川市,1
225,25,石嘴山市,2
226,25,吴忠市,3
227,25,固原市,4
228,26,西宁市,1
229,26,海东地区（平安县）,2
230,26,海北藏族自治州（门源回族自治县）,4
231,26,黄南藏族自治州（同仁县）,5
232,26,海南藏族自治州（共和县）,6
233,26,果洛藏族自治州（玛沁县）,7
234,26,玉树藏族自治州（玉树县）,8
235,26,海西蒙古族藏族自治州（德令哈市）,9
236,27,西安市,1
237,27,铜川市,2
238,27,宝鸡市,3
239,27,咸阳市,4
240,27,延安市,5
241,27,渭南市,6
242,27,商洛地区（商州市）,7
243,27,安康地区（安康市）,8
244,27,榆林市,9
245,27,汉中市,10
246,28,济南市,1
247,28,青岛市,2
248,28,淄博市,3
249,28,枣庄市,4
250,28,东营市,5
251,28,潍坊市,6
252,28,烟台市,7
253,28,威海市,8
254,28,济宁市,9
255,28,泰安市,10
256,28,日照市,11
257,28,莱芜市,12
258,28,德州市,13
259,28,滨州市,14
260,28,临沂市,15
261,28,荷泽市,16
262,28,聊城市,17
263,29,太原市,1
264,29,大同市,2
265,29,阳泉市,3
266,29,长治市,4
267,29,晋城市,5
268,29,朔州市,6
269,29,晋中市,7
270,29,忻州市,8
271,29,吕梁地区,9
272,29,临汾市,10
273,29,运城市,11
274,30,上海市,1
275,31,成都市,1
276,31,自贡市,2
277,31,广安市,3
278,31,攀枝花市,4
279,31,泸州市,5
280,31,德阳市,6
281,31,绵阳市,7
282,31,广元市,8
283,31,遂宁市,9
284,31,乐山市,10
285,31,内江市,11
286,31,宜宾市,12
287,31,南充市,13
288,31,资阳市,14
289,31,雅安市,15
290,31,巴中市,16
291,31,达州市,17
292,31,眉山市,18
293,31,凉山彝族自治州（西昌市）,19
294,31,甘孜藏族自治州（康定县）,20
295,31,阿坝藏族羌族自治州（马尔康县）,21
296,32,台湾,1
297,33,天津市,1
298,34,乌鲁木齐市,1
299,34,克拉玛依市,2
301,34,吐鲁番地区（吐鲁番市）,4
302,34,哈密地区（哈密市）,5
303,34,和田地区（和田市）,6
304,34,阿克苏地区（阿克苏市）,7
305,34,喀什地区（喀什市）,8
306,34,克孜勒苏柯尔克孜自治州（阿图什布）,9
307,34,巴音郭楞蒙古自治州（库尔勒市）,10
308,34,昌吉回族自治州（昌吉市）,11
309,34,博尔塔拉蒙古自治州（博乐市）,12
310,34,伊犁哈萨克自治州（伊宁市）,13
313,35,香港,1
314,36,拉萨市,1
315,36,那曲地区,2
316,36,昌都地区,3
317,36,山南地区,4
318,36,日喀则地区,5
319,36,阿里地区,6
320,36,林芝地区,7
321,37,昆明市,1
322,37,昭通地区（昭通市）,2
323,37,曲靖地区（曲靖市）,3
324,37,玉溪地区（玉溪市）,4
325,37,思茅地区（思茅县）,5
326,37,临沧地区（临沧县）,6
327,37,耿马傣族佤族自治县,7
328,37,丽江地区（丽江纳西族自治县）,8
329,37,文山壮族苗族自治县（文山县）,9
330,37,红河哈尼族彝族自治州,10
331,37,西双版纳傣族自治州（景洪县）,11
332,37,楚雄彝族自治州（楚雄市）,12
333,37,大理白族自治州（大理市）,13
334,37,德宏傣族景颇族自治州（潞西县）,14
335,37,怒江傈傈族自治州（泸水县六库镇）,15
336,37,迪庆藏族自治州（香格里拉县）,16
337,38,杭州市,1
338,38,宁波市,2
339,38,温州市,3
340,38,嘉兴市,4
341,38,绍兴市,5
342,38,金华市,6
343,38,衢州市,7
344,38,舟山市,8
345,38,台州市,9
346,38,丽水市,10
347,38,湖州市,11
348,36,亚东地区,8
349,10,武都市,15
350,26,茫崖地区,3
351,27,定边地区,11
352,28,莱阳市,18
353,34,乌苏地区,3
