1,1,平泉县,1
2,1,兴隆县,2
4,2,保定县,3
5,4,test1,1
6,5,瑶海区,1
7,5,庐阳区,2
8,5,蜀山区,3
9,5,包河区,4
10,5,肥东县,5
11,5,肥西县,6
12,5,长丰县,7
13,6,田家庵区,1
14,6,大通区,2
15,6,谢家集区,3
16,6,八公山区,4
17,6,潘集区,5
18,6,凤台县,6
19,7,相山区,1
20,7,杜集区,2
21,7,烈山区,3
22,7,濉溪县,4
23,8,镜湖区,1
24,8,新芜区,2
25,8,马塘区,3
26,8,鸠江区,4
27,8,芜湖县,5
28,8,南陵县,6
29,8,繁昌县,7
30,9,狮子山区,1
31,9,郊区,2
32,9,铜陵县,3
33,9,铜官山区,4
34,10,中市区,1
35,10,东市区,2
36,10,西市区,3
37,10,郊区,4
38,10,怀远县,5
39,10,固镇县,6
40,10,五河县,7
41,11,雨山区,1
42,11,花山区,2
43,11,金家庄区,3
44,11,向山区,4
45,11,当涂县,5
46,12,桐城市,1
47,12,迎江区,2
48,12,大观区,3
49,12,郊区,4
50,12,宿松县,5
51,12,枞阳县,6
52,12,太湖县,7
53,12,怀宁县,8
54,12,岳西县,9
55,12,望江县,10
56,12,潜山县,11
57,13,屯溪区,1
58,13,黄山区,2
59,13,徽州区,3
60,13,休宁县,4
61,13,歙县,5
62,13,祁门县,6
63,13,黟县,7
64,14,萧县,1
65,14,泗县,2
66,14,砀山县,3
67,14,灵壁县,4
68,14,桥区,5
69,15,天长市,1
70,15,明光市,2
71,15,全椒县,3
72,15,来安县,4
73,15,定远县,5
74,15,凤阳县,6
75,15,琅琊区,7
76,15,南谯区,8
77,16,居巢区,1
78,16,含山县,2
79,16,无为县,3
80,16,庐江县,4
81,16,和县,5
82,17,宣州区,1
83,17,宁国市,2
84,17,广德县,3
85,17,郎溪县,4
86,17,泾县,5
87,17,旌德县,6
88,17,绩溪县,7
89,18,贵池区,1
90,18,石台县,2
91,18,青阳县,3
92,18,东至县,4
93,19,金安区,1
94,19,裕安区,2
95,19,寿县,3
96,19,霍山县,4
97,19,霍邱县,5
98,19,舒城县,6
99,19,金寨县,7
100,20,界首市,1
101,20,颍州区,2
102,20,颍东区,3
103,20,颍泉区,4
104,20,阜南县,5
105,20,临泉县,6
106,20,太和县,7
107,20,颍上县,8
108,21,谯城区,1
109,21,蒙城县,2
110,21,涡阳县,3
111,21,利辛县,4
112,23,市区（四环内）,1
113,23,市区（四环外）,2
114,23,通州区,3
115,23,石景山区,4
116,23,大兴,5
117,23,房山,6
118,23,昌平,7
119,23,怀柔,8
120,23,顺义,9
121,24,长寿区,1
122,24,綦江县,2
123,24,潼南县,3
124,24,荣昌县,4
125,24,大足县,5
126,24,铜梁县,6
127,24,梁平县,7
128,24,城口县,8
129,24,垫江县,9
130,24,武隆县,10
131,24,丰都县,11
132,24,奉节县,12
133,24,开县,13
134,24,云阳县,14
135,24,忠县,15
136,24,巫溪县,16
137,24,巫山县,17
138,24,黔江区,18
139,24,渝中区,19
140,24,大渡口区,20
141,24,江北区,21
142,24,沙坪坝区,22
143,24,九龙坡区,23
144,24,南岸区,24
145,24,北碚区,25
146,24,万盛区,26
147,24,双桥区,27
148,24,渝北区,28
149,24,巴南区,29
150,24,万州区,30
151,24,涪陵区,31
152,24,江津市,32
153,24,合川市,33
154,24,永川市,34
155,24,南川市,35
156,24,璧山县,36
157,24,石柱土家族自治县,37
158,24,秀山土家族苗族自治县,38
159,24,酉阳土家族苗族自治县,39
160,24,彭水苗族土家族自治县,40
161,25,福清市,1
162,25,长乐市,2
163,25,闽侯县,3
164,25,连江县,4
165,25,平潭县,5
166,25,永泰县,6
167,25,闽清县,7
168,25,罗源县,8
169,25,鼓楼区,9
170,25,台江区,10
171,25,仓山区,11
172,25,马尾区,12
173,25,晋安区,13
174,26,开元区,1
175,26,思明区,2
176,26,鼓浪屿区,3
177,26,杏林区,4
178,26,湖里区,5
179,26,集美区,6
180,26,同安区,7
181,27,永安市,1
182,27,明溪县,2
183,27,将乐县,3
184,27,大田县,4
185,27,宁化县,5
186,27,建宁县,6
187,27,沙县,7
188,27,尤溪县,8
189,27,清流县,9
190,27,泰宁县,10
191,27,梅列区,11
192,27,三元区,12
193,28,荔城区,1
194,28,仙游县,2
195,28,城厢区,3
196,28,涵江区,4
197,28,秀屿区,5
198,29,石狮市（市区）,1
199,29,石狮市（郊区城镇）,2
200,29,晋江市（市区）,3
201,29,晋江市（郊区城镇）,4
202,29,南安市,5
203,29,惠安县,6
204,29,永春县,7
205,29,安溪县,8
206,29,德化县,9
207,29,金门县,10
208,29,鲤城县,11
209,29,丰泽区,12
210,29,洛江区,13
211,29,泉港区,14
212,30,龙海市,1
213,30,平和县,2
214,30,南靖县,3
215,30,诏安县,4
216,30,漳浦县,5
217,30,华安县,6
218,30,东山县,7
219,30,长泰县,8
220,30,云宵县,9
221,30,芗城区,10
222,30,龙文区,11
223,31,建瓯市,1
224,31,邵武市,2
225,31,武夷山市,3
226,31,建阳市,4
227,31,松溪县,5
228,31,光泽县,6
229,31,顺昌县,7
230,31,浦城县,8
231,31,政和县,9
232,31,延平区,10
233,32,福安市,1
234,32,福鼎市,2
235,32,寿宁县,3
236,32,霞浦县,4
237,32,柘荣县,5
238,32,屏南县,6
239,32,古田县,7
240,32,周宁县,8
241,32,蕉城区,9
242,33,长汀县,1
243,33,武平县,2
244,33,上杭县,3
245,33,永定县,4
246,33,连城县,5
247,33,新罗区,6
248,34,永登县,1
249,34,榆中县,2
250,34,皋兰县,3
251,34,城关区,4
252,34,七里河区,5
253,34,西固区,6
254,34,安宁区,7
255,34,红古区,8
256,35,永昌县,1
257,35,金川区,2
258,36,靖远县,1
259,36,景泰县,2
260,36,会宁县,3
261,36,白银区,4
262,36,平川区,5
263,37,武山县,1
264,37,甘谷县,2
265,37,清水县,3
266,37,秦安县,4
267,37,麦积区,5
268,37,秦州区,6
269,37,张家川回族自治县,7
270,38,嘉峪关市,1
271,39,定西县,1
273,39,渭源县,2
274,39,陇西县,3
275,39,通渭县,4
276,39,漳县,5
277,39,临洮县,6
278,40,灵台县,1
279,40,静宁县,2
280,40,崇信县,3
281,40,华亭县,4
282,40,泾川县,5
283,40,庄浪县,6
284,40,崆峒区,7
285,41,庆城县,1
286,41,镇原县,2
287,41,合水县,3
288,41,华池县,4
289,41,环县,5
290,41,宁县,6
291,41,正宁县,7
292,41,西峰区,8
293,42,成县,1
294,42,礼县,2
295,42,康县,3
297,42,两当县,4
298,42,徽县,5
300,42,西和县,6
302,43,民勤县,1
303,43,古浪县,2
304,43,天祝藏族自治县,3
305,43,凉州区,4
306,44,临泽县,1
307,44,高台县,2
308,44,山丹县,3
309,44,民乐县,4
310,44,甘州区,5
311,44,肃南裕固族自治县,6
312,45,玉门市,1
313,45,肃州区,2
314,45,敦煌市,3
315,45,安西县,4
316,45,金塔县,5
317,45,阿克塞哈萨克族自治县,6
318,45,肃北蒙古族自治县,7
319,46,合作市,1
320,46,临潭县,2
321,46,卓尼县,3
323,46,迭部县,4
324,46,玛曲县,5
325,46,碌曲县,6
326,46,夏和县,7
327,47,临夏县,1
328,47,康乐县,2
329,47,永靖县,3
330,47,广河县,4
331,47,和政县,5
332,47,东乡族自治县,6
333,47,积石山保安族东乡族撒拉族自治县,7
334,48,花都区,1
335,48,番禺区,2
336,48,从化市,3
337,48,增城市,4
338,48,越秀区,5
339,48,东山区,6
340,48,海珠区,7
341,48,荔湾区,8
342,48,天河区,9
343,48,白云区,10
344,48,黄埔区,11
345,48,芳村区,12
346,49,福田区,1
347,49,罗湖区,2
348,49,南山区,3
349,49,宝安区,4
350,49,龙岗区,5
351,49,盐田区,6
352,50,斗门区,1
353,50,香洲区,2
354,50,金湾区,3
355,51,澄海市,1
356,51,潮阳市,2
357,51,南澳县,3
358,51,金园区,4
359,51,龙湖区,5
360,51,升平区,6
361,51,达濠区,7
362,51,河浦区,8
363,52,乐昌市,1
364,52,南雄市,2
365,52,仁化县,3
366,52,始兴县,4
367,52,翁源县,5
368,52,曲江县,6
369,52,新丰县,7
370,52,乳源瑶族自治县,8
371,52,北江区,9
372,52,浈江区,10
373,52,武江区,11
374,53,和平县,1
375,53,龙川县,2
376,53,紫金县,3
377,53,连平县,4
378,53,东源县,5
379,53,源城区,6
380,54,兴宁市,1
381,54,梅县,2
382,54,蕉岭县,3
383,54,大埔县,4
384,54,丰顺县,5
385,54,五华县,6
386,54,平远县,7
387,54,梅江区,8
388,55,惠阳市,1
389,55,惠东县,2
390,55,博罗县,3
391,55,龙门县,4
392,55,惠城区,5
393,56,陆丰市,1
394,56,海丰县,2
395,56,陆河县,3
396,56,城区,4
397,57,东莞市,1
398,58,中山市,1
399,59,台山市,1
400,59,新会区,2
401,59,开平市,3
402,59,鹤山市,4
403,59,恩平市,5
404,59,江海区,6
405,59,蓬江区,7
406,60,顺德区,1
407,60,南海区,2
408,60,三水区,3
409,60,高明区,4
410,60,禅城区,5
411,61,阳春市,1
412,61,阳西县,2
413,61,阳东县,3
414,61,江城区,4
415,62,廉江市,1
416,62,雷州市,2
417,62,吴川市,3
418,62,赤坎区,4
419,62,霞山区,5
420,62,坡头区,6
421,62,麻章区,7
422,62,遂溪县,8
423,62,徐闻县,9
424,63,高州市,1
425,63,化州市,2
426,63,信宜市,3
427,63,电白县,4
428,63,茂南区,5
429,63,茂港区,6
430,64,高要市,1
431,64,四会市,2
432,64,广宁县,3
433,64,德庆县,4
434,64,封开县,5
435,64,怀集县,6
436,64,端州区,7
437,64,鼎湖区,8
438,65,英德市,1
439,65,连州市,2
440,65,佛冈县,3
441,65,阳山县,4
442,65,连山壮族瑶族自治县,5
443,65,连南瑶族自治县,6
444,65,清城区,7
445,65,清新县,8
446,66,潮安县,1
447,66,饶平县,2
448,66,湘桥区,3
449,67,普宁市,1
450,67,揭东县,2
451,67,揭西县,3
452,67,惠来县,4
453,67,榕城区,5
454,68,罗定市,1
455,68,云安县,2
456,68,新兴县,3
457,68,郁南县,4
458,68,云城区,5
459,69,柳江县,1
460,69,柳城县,2
461,69,城中区,3
462,69,鱼峰区,4
463,69,柳北区,5
464,69,柳南区,6
465,69,鹿寨县,7
466,69,融安县,8
467,69,融水苗族自治县,9
468,69,三江侗族自治县,10
469,70,阳朔县,1
470,70,临桂县,2
471,70,灵川县,3
472,70,全州县,4
473,70,平乐县,5
474,70,兴安县,6
475,70,灌阳县,7
476,70,荔浦县,8
477,70,资源县,9
478,70,永福县,10
479,70,龙胜各族自治县,11
480,70,恭城瑶族自治县,12
481,70,秀峰区,13
482,70,叠彩区,14
483,70,象山区,15
484,70,七星区,16
485,70,雁山区,17
486,71,岑溪市,1
487,71,苍梧县,2
488,71,藤县,3
489,71,蒙山县,4
490,71,万秀区,5
491,71,蝶山区,6
492,71,市郊区,7
493,72,合浦县,1
494,72,海城区,2
495,72,银海区,3
496,72,铁山港区,4
497,73,邕宁县,1
498,73,武鸣县,2
499,73,新城区,3
500,73,兴宁区,4
501,73,永新区,5
502,73,城北区,6
503,73,江南区,7
504,73,市郊区,8
505,73,凭祥市马山县,9
506,73,扶绥县,10
507,73,大新县,11
508,73,上林县,12
509,73,崇左县,13
510,73,天等县,14
511,73,宾阳县,15
512,73,宁明县,16
513,73,隆安县,17
514,73,横县,18
515,73,龙州县,19
516,73,南宁市,20
517,74,北流市,1
518,74,陆川县,2
519,74,博白县,3
520,74,兴业县,4
521,74,玉州区,5
522,74,容县,6
523,75,兴宾区,1
524,75,象州县,2
525,75,合山市,3
526,75,武宣县,4
527,75,忻城县,5
528,75,金秀瑶族自治县,6
529,76,西林县,1
530,76,乐业县,2
531,76,德保县,3
532,76,田林县,4
533,76,田阳县,5
534,76,靖西县,6
535,76,田东县,7
536,76,那坡县,8
537,76,隆林各族自治县,9
538,76,凌云县,10
539,76,右江区,11
540,76,平果县,12
541,77,东兴市,1
542,77,港口区,2
543,77,防城区,3
544,77,上思县,4
545,78,灵山县,1
546,78,浦北县,2
547,78,钦南区,3
548,78,钦北区,4
549,79,桂平市,1
550,79,平南县,2
551,79,港北区,3
552,79,港南区,4
554,80,八步区,1
555,80,钟山县,2
556,80,昭平县,3
557,80,富川瑶族自治县,4
558,81,宜州市,1
559,81,天峨县,2
560,81,凤山县,3
561,81,南丹县,4
562,81,东兰县,5
563,81,都安瑶族自治县,6
564,81,罗城仫佬族自治县,7
565,81,环江毛南族自治县,8
566,81,大化瑶族自治县,9
567,81,巴马瑶族自治县,10
568,81,金城江区,11
569,82,江州区,1
570,82,凭祥市,2
571,82,扶绥县,3
572,82,大新县,4
573,82,天等县,5
574,82,宁明县,6
575,82,龙州县,7
576,83,清镇市,1
577,83,开阳县,2
578,83,修文县,3
579,83,息烽县,4
580,83,南明区,5
581,83,云岩区,6
582,83,花溪区,7
583,83,乌当区,8
584,83,白云区,9
585,83,小河区,10
586,84,水城县,1
587,84,盘县,2
588,84,六枝特区,3
589,84,钟山区,4
590,85,赤水市,1
591,85,仁怀市,2
592,85,绥阳县,3
593,85,桐梓县,4
594,85,习水县,5
595,85,凤冈县,6
596,85,正安县,7
597,85,余庆县,8
598,85,湄潭县,9
599,85,道真仡佬族苗族自治县,10
600,85,务川仡佬族苗族自治县,11
601,85,红花岗区,12
602,85,遵义县,13
603,86,铜仁市,1
604,86,江口县,2
605,86,思南县,3
606,86,石阡县,4
607,86,玉屏侗族自治县,5
608,86,松桃苗族自治县,6
609,86,印江土家族苗族自治县,7
610,86,沿河土家族自治县,8
611,86,万山特区,9
612,86,德江县,10
613,87,毕节市,1
614,87,大方县,2
615,87,织金县,3
616,87,金沙县,4
617,87,赫章县,5
618,87,纳雍县,6
619,87,威宁彝族回族苗族自治县,7
620,87,黔西县,8
621,88,普定县,1
622,88,平坝县,2
623,88,镇宁布依族苗族自治县,3
624,88,紫云苗族布依族自治县,4
625,88,关岭布依族苗族自治县,5
626,88,西秀区,6
627,89,兴义市,1
628,89,兴仁县,2
629,89,普安县,3
630,89,册亨县,4
631,89,晴隆县,5
632,89,贞丰县,6
633,89,安龙县,7
634,89,望谟县,8
635,90,福泉市贵定县,1
636,90,惠水县,2
637,90,罗甸县,3
638,90,瓮安县,4
639,90,荔波县,5
640,90,龙里县,6
641,90,平塘县,7
642,90,长顺县,8
643,90,独山县,9
644,90,三都水族自治县,10
645,91,施秉县,1
646,91,从江县,2
647,91,锦屏县,3
648,91,镇远县,4
649,91,麻江县,5
650,91,台江县,6
651,91,天柱县,7
652,91,黄平县,8
653,91,榕江县,9
654,91,剑河县,10
655,91,三穗县,11
656,91,雷山县,12
657,91,黎平县,13
658,91,岑巩县,14
659,91,丹寨县,15
660,91,凯里市,16
661,92,美兰区,1
662,92,龙华区,2
663,92,秀英区,3
664,92,琼山区,4
665,93,三亚市,1
666,94,五指山市,1
667,94,琼海市,2
668,94,儋州市,3
669,94,保亭黎族苗族自治县,4
670,94,文昌市,5
671,94,万宁市,6
672,94,东方市,7
673,94,澄迈县,8
674,94,定安县,9
675,94,屯昌县,10
676,94,临高县,11
677,94,白沙黎族自治县,12
678,94,昌江黎族自治县,13
679,94,乐东黎族自治县,14
680,94,陵水黎族自治县,15
681,94,琼中黎族苗族自治县,16
682,95,辛集市,1
683,95,藁城市,2
684,95,晋州市,3
685,95,新乐市,4
686,95,鹿泉市,5
687,95,平山县,6
688,95,井陉县,7
689,95,栾城县,8
690,95,正定县,9
691,95,行唐县,10
692,95,灵寿县,11
693,95,高邑县,12
694,95,赵县,13
695,95,赞皇县,14
696,95,深泽县,15
697,95,无极县,16
698,95,元氏县,17
699,95,桥西区,18
700,95,长安区,19
701,95,桥东区,20
702,95,新华区,21
703,95,裕华区,22
704,95,井陉矿区,23
705,96,武安市,1
706,96,邯郸县,2
707,96,永年县,3
708,96,曲周县,4
709,96,馆陶县,5
710,96,魏县,6
711,96,成安县,7
712,96,大名县,8
713,96,涉县,9
714,96,鸡泽县,10
715,96,邱县,11
716,96,广平县,12
717,96,肥乡县,13
718,96,临漳县,14
719,96,磁县,15
720,96,丛台区,16
721,96,复兴区,17
722,96,邯山区,18
723,96,峰峰矿区,19
724,97,南宫市,1
725,97,沙河市,2
726,97,邢台县,3
727,97,柏乡县,4
728,97,任县,5
729,97,清河县,6
730,97,宁晋县,7
731,97,威县,8
732,97,隆尧县,9
733,97,临城县,10
734,97,广宗县,11
735,97,临西县,12
736,97,内邱县,13
737,97,平乡县,14
738,97,巨鹿县,15
739,97,新河县,16
740,97,南和县,17
741,97,桥东区,18
742,97,桥西区,19
743,98,涿州市,1
744,98,定州市,2
745,98,安国市,3
746,98,高碑店市,4
747,98,满城县,5
748,98,清苑县,6
749,98,涞水县,7
750,98,阜平县,8
751,98,徐水县,9
752,98,唐县,10
753,98,高阳县,11
754,98,容城县,12
755,98,涞源县,13
756,98,望都县,14
757,98,定兴县,15
758,98,安新县,16
759,98,易县,17
760,98,曲阳县,18
761,98,蠡县,19
762,98,顺平县,20
763,98,博野县,21
764,98,雄县,22
765,98,新市区,23
766,98,南市区,24
767,98,北市区,25
768,99,宣化县,1
769,99,康保县,2
770,99,张北县,3
771,99,阳原县,4
772,99,赤城县,5
773,99,沽源县,6
774,99,怀安县,7
775,99,怀来县,8
776,99,崇礼县,9
777,99,尚义县,10
778,99,蔚县,11
779,99,涿鹿县,12
780,99,万全县,13
781,99,桥西区,14
782,99,桥东区,15
783,99,宣化区,16
784,99,下花园区,17
785,100,承德县,1
786,100,兴隆县,2
787,100,隆化县,3
788,100,平泉县,4
789,100,滦平县,5
790,100,丰宁满族自治县,6
791,100,围场满族蒙古族自治县,7
792,100,宽城满族自治县,8
793,100,双桥区,9
794,100,双滦区,10
795,100,鹰手营子矿区,11
796,101,遵化市,1
797,101,丰南区,2
798,101,迁安市,3
799,101,迁西县,4
800,101,滦南县,5
801,101,丰润区,6
802,101,玉田县,7
803,101,唐海县,8
804,101,乐亭县,9
805,101,滦县,10
806,101,路北区,11
807,101,路南区,12
808,101,古冶区,13
809,101,开平区,14
810,102,昌黎县,1
811,102,卢龙县,2
812,102,抚宁县,3
813,102,青龙满族自治县,4
814,102,海港区,5
815,102,山海关区,6
816,102,北戴河区,7
817,103,泊头市,1
818,103,任丘市,2
819,103,黄骅市,3
820,103,河间市,4
821,103,沧县,5
822,103,青县,6
823,103,献县,7
824,103,东光县,8
825,103,海兴县,9
826,103,盐山县,10
827,103,肃宁县,11
828,103,南皮县,12
829,103,吴桥县,13
830,103,孟村回族自治县,14
831,103,运河区,15
832,103,新华区,16
833,104,霸州市,1
834,104,三河市,2
835,104,固安县,3
836,104,永清县,4
837,104,香河县,5
838,104,大城县,6
839,104,文安县,7
840,104,大厂回族自治县,8
841,104,安次区,9
842,104,广阳区,10
843,105,冀州市,1
844,105,深州市,2
845,105,饶阳县,3
846,105,枣强县,4
847,105,故城县,5
848,105,安平县,6
849,105,武邑县,7
850,105,景县,8
851,105,武强县,9
852,105,阜城县,10
853,105,桃城区,11
854,106,阿城市,1
855,106,尚志市,2
856,106,双城市,3
857,106,五常市,4
858,106,呼兰县,5
859,106,方正县,6
860,106,宾县,7
861,106,依兰县,8
862,106,巴彦县,9
863,106,通河县,10
864,106,木兰县,11
865,106,延寿县,12
866,106,道里区,13
867,106,南岗区,14
868,106,动力区,15
869,106,平房区,16
870,106,香坊区,17
871,106,太平区,18
872,106,道外区,19
873,107,讷河市,1
874,107,富裕县,2
875,107,拜泉县,3
876,107,甘南县,4
877,107,依安县,5
878,107,克山县,6
879,107,泰来县,7
880,107,克东县,8
881,107,龙江县,9
882,107,龙沙区,10
883,107,昂昂溪区,11
884,107,铁锋区,12
885,107,建华区,13
886,107,富拉尔基区,14
887,107,碾子山区,15
888,107,梅里斯达斡尔族区,16
889,108,萝北县,1
890,108,绥滨县,2
891,108,兴山区,3
892,108,工农区,4
893,108,南山区,5
894,108,兴安区,6
895,108,向阳区,7
896,108,东山区,8
897,109,集贤县,1
898,109,宝清县,2
899,109,友谊县,3
900,109,饶河县,4
901,109,尖山区,5
902,109,岭东区,6
903,109,四方台区,7
904,109,宝山区,8
905,110,密山市,1
906,110,虎林市,2
907,110,鸡东县,3
908,110,鸡冠区,4
909,110,恒山区,5
910,110,城子河区,6
911,110,滴道区,7
912,110,梨树区,8
913,110,麻山区,9
914,111,林甸县,1
915,111,肇州县,2
916,111,肇源县,3
917,111,大同区,4
918,111,萨尔图区,5
919,111,红岗区,6
920,111,龙凤区,7
921,111,让胡路区,8
922,111,杜尔伯特蒙古族自治县,9
923,112,铁力市,1
924,112,嘉荫县,2
925,112,伊春区,3
926,112,带岭区,4
927,112,南岔区,5
928,112,金山屯区,6
929,112,西林区,7
930,112,美溪区,8
931,112,乌马河区,9
932,112,翠峦区,10
933,112,友好区,11
934,112,上甘岭区,12
935,112,五营区,13
936,112,红星区,14
937,112,新青区,15
938,112,汤旺河区,16
939,112,乌伊岭区,17
940,113,宁安市,1
941,113,海林市,2
942,113,穆棱市,3
943,113,林口县,4
944,113,东宁县,5
945,113,爱民区,6
946,113,东安区,7
947,113,阳明区,8
948,113,西安区,9
949,113,绥芬河市,10
950,114,同江市,1
951,114,富锦市,2
952,114,桦川县,3
953,114,抚远县,4
954,114,桦南县,5
955,114,汤原县,6
956,114,前进区,7
957,114,永红区,8
958,114,向阳区,9
959,114,东风区,10
960,114,郊区,11
961,115,勃利县,1
962,115,桃山区,2
963,115,新兴区,3
964,115,茄子河区,4
965,116,安达市,1
966,116,肇东市,2
967,116,海伦市,3
968,116,绥棱县,4
969,116,兰西县,5
970,116,明水县,6
971,116,青冈县,7
972,116,庆安县,8
973,116,望奎县,9
974,116,北林区,10
975,117,北安市,1
976,117,五大连池市,2
977,117,逊克县,3
978,117,嫩江县,4
979,117,孙吴县,5
980,117,爱辉区,6
981,118,呼玛县,1
982,118,塔河县,2
983,118,漠河县,3
984,119,巩义市,1
985,119,荥阳市,2
986,119,新密市,3
987,119,新郑市,4
988,119,中牟县,5
989,119,金水区,6
990,119,中原区,7
991,119,二七区,8
992,119,上街区,9
993,119,邙山区,10
994,119,管城回族区,11
995,119,登封市,12
996,120,偃师市,1
997,120,孟津县,2
998,120,新安县,3
999,120,宜阳县,4
1000,120,嵩县,5
1001,120,栾川县,6
1002,120,汝阳县,7
1003,120,洛宁县,8
1004,120,伊川县,9
1005,120,西工区,10
1006,120,涧西区,11
1007,120,老城区,12
1008,120,吉利区,13
1009,120,e河回族区,14
1010,120,洛龙区,15
1011,121,开封县,1
1012,121,兰考县,2
1013,121,尉氏县,3
1014,121,通许县,4
1015,121,杞县,5
1016,121,鼓楼区,6
1017,121,龙亭区,7
1018,121,南关区,8
1019,121,顺河回族区,9
1020,121,郊区,10
1021,122,汝州市,1
1022,122,舞钢市,2
1023,122,叶县,3
1024,122,宝丰县,4
1025,122,鲁山县,5
1026,122,郏县,6
1027,122,新华区,7
1028,122,卫东区,8
1029,122,湛河区,9
1030,122,石龙区,10
1031,123,孟州市,1
1032,123,沁阳市,2
1033,123,修武县,3
1034,123,温县,4
1035,123,博爱县,5
1036,123,武陟县,6
1037,123,解放区,7
1038,123,山阳区,8
1039,123,中站区,9
1040,123,马村区,10
1041,124,淇县,1
1042,124,浚县,2
1043,124,山城区,3
1044,124,鹤山区,4
1045,124,淇滨区,5
1046,125,卫辉市,1
1047,125,辉县市,2
1048,125,新乡县,3
1049,125,获嘉县,4
1050,125,封丘县,5
1051,125,延津县,6
1052,125,原阳县,7
1053,125,长垣县,8
1054,125,郊区,9
1055,125,红旗区,10
1056,125,北站区,11
1057,125,新华区,12
1058,126,林州市,1
1059,126,安阳县,2
1060,126,汤阴县,3
1061,126,滑县,4
1062,126,内黄县,5
1063,126,北关区,6
1064,126,文峰区,7
1065,126,殷都区,8
1066,126,龙安区,9
1067,127,濮阳县,1
1068,127,清丰县,2
1069,127,南乐县,3
1070,127,范县,4
1071,127,台前县,5
1072,127,市区,6
1073,128,禹州市,1
1074,128,长葛市,2
1075,128,许昌县,3
1076,128,鄢陵县,4
1077,128,襄城县,5
1078,128,魏都区,6
1079,129,舞阳县,1
1080,129,临颍县,2
1081,129,郾城县,3
1082,129,源汇区,4
1083,130,义马市,1
1084,130,灵宝市,2
1085,130,渑池县,3
1086,130,陕县,4
1087,130,湖滨区,5
1088,130,卢氏县,6
1089,131,梁园区,1
1090,131,永城市,2
1091,131,睢阳区,3
1092,131,虞城县,4
1093,131,民权县,5
1094,131,宁陵县,6
1095,131,柘城县,7
1096,131,睢县,8
1097,131,夏邑县,9
1098,132,项城市,1
1099,132,郸城县,2
1100,132,淮阳县,3
1101,132,沈丘县,4
1102,132,扶沟县,5
1103,132,商水县,6
1104,132,太康县,7
1105,132,鹿邑县,8
1106,132,西华县,9
1107,132,川汇区,10
1108,133,驿城区,1
1109,133,确山县,2
1110,133,泌阳县,3
1111,133,遂平县,4
1112,133,西平县,5
1113,133,上蔡县,6
1114,133,汝南县,7
1115,133,平舆县,8
1116,133,新蔡县,9
1117,133,正阳县,10
1118,134,罗山县,1
1119,134,潢川县,2
1120,134,息县,3
1121,134,淮滨县,4
1122,134,固始县,5
1123,134,商城县,6
1124,134,光山县,7
1125,134,新县,8
1126,134,负忧,9
1127,134,平桥区,10
1128,135,邓州市,1
1129,135,南召县,2
1130,135,方城县,3
1131,135,社旗县,4
1132,135,唐河县,5
1133,135,桐柏县,6
1134,135,新野县,7
1135,135,镇平县,8
1136,135,内乡县,9
1137,135,淅川县,10
1138,135,西峡县,11
1139,135,卧龙区,12
1140,135,宛城区,13
1141,136,济源市,1
1142,137,江岸区,1
1143,137,武昌区,2
1144,137,江汉区（中环线以内）,3
1145,137,~口区（中环线以内）,4
1146,137,汉阳区（中环线以外）,5
1147,137,洪山区（中环线以内除天兴洲）,6
1148,137,东西湖区,7
1149,137,汉南区,8
1150,137,蔡甸区,9
1151,137,江夏区,10
1152,137,黄陂区,11
1153,137,新洲区,12
1154,137,青山区（中环线以内）,13
1155,137,青山区（中环线以外）,14
1156,137,江汉区（中环线以外）,15
1157,137,洪山区（中环线以外且包括天兴洲）,16
1158,137,~口区（中环线以外）,17
1159,137,汉阳区（中环线以内）,18
1160,138,黄石港区,1
1161,138,西塞山区,2
1162,138,下陆区,3
1163,138,铁山区,4
1164,138,大冶市,5
1165,138,阳新县,6
1166,139,襄城区,1
1167,139,樊城区,2
1168,139,老河口市,3
1169,139,枣阳市,4
1170,139,宜城市,5
1171,139,襄阳县,6
1172,139,南漳县,7
1173,139,谷城县,8
1174,139,保康县,9
1175,139,襄阳区,10
1176,140,张湾区,1
1177,140,茅箭区,2
1178,140,丹江口市,3
1179,140,郧县,4
1180,140,郧西县,5
1181,140,竹山县,6
1182,140,竹溪县,7
1183,140,房县,8
1184,141,西陵区,1
1185,141,伍家岗区,2
1186,141,点军区,3
1187,141,V亭区,4
1188,141,宜都市,5
1189,141,当阳市,6
1190,141,枝江市,7
1191,141,宜昌县,8
1192,141,秭归县,9
1193,141,远安县,10
1194,141,兴山县,11
1195,141,五峰土家族自治县,12
1196,141,长阳土家族自治县,13
1197,141,夷陵区,14
1198,142,沙市区,1
1199,142,荆州区,2
1200,142,洪湖市,3
1201,142,石首市,4
1202,142,松滋市,5
1203,142,监利县,6
1204,142,公安县,7
1205,142,江陵县,8
1206,143,鄂城区,1
1207,143,华容区,2
1208,143,梁子湖区,3
1209,144,孝南区,1
1210,144,应城市,2
1211,144,安陆市,3
1212,144,汉川市,4
1213,144,云梦县,5
1214,144,大悟县,6
1215,144,孝昌县,7
1216,145,黄州区,1
1217,145,麻城市,2
1218,145,武穴市,3
1219,145,红安县,4
1220,145,罗田县,5
1221,145,浠水县,6
1222,145,蕲春县,7
1223,145,黄梅县,8
1224,145,英山县,9
1225,145,团风县,10
1226,146,咸安区,1
1227,146,赤壁市,2
1228,146,嘉鱼县,3
1229,146,通山县,4
1230,146,崇阳县,5
1231,146,通城县,6
1232,147,东宝区,1
1233,147,钟祥市,2
1234,147,京山县,3
1235,147,沙洋县,4
1236,147,掇刀区,5
1237,148,曾都区,1
1238,148,广水市,2
1239,149,天门市,1
1240,149,仙桃市,2
1241,149,潜江市,3
1242,149,神农架林区,4
1243,150,恩施市,1
1244,150,利川市,2
1245,150,建始县,3
1246,150,来凤县,4
1247,150,巴东县,5
1248,150,鹤峰县,6
1249,150,宣恩县,7
1250,150,咸丰县,8
1251,151,浏阳市,1
1252,151,长沙县,2
1253,151,望城县,3
1254,151,宁乡县,4
1255,151,岳麓区,5
1256,151,芙蓉区,6
1257,151,天心区,7
1258,151,开福区,8
1259,151,雨花区,9
1260,152,醴陵市,1
1261,152,株洲县,2
1262,152,炎陵县,3
1263,152,茶陵县,4
1264,152,攸县,5
1265,152,天元区,6
1266,152,荷塘区,7
1267,152,芦淞区,8
1268,152,石峰区,9
1269,153,雨湖区,1
1270,153,岳塘区,2
1271,153,韶山市,3
1272,153,湘乡市,4
1273,153,湘潭县,5
1274,154,耒阳市,1
1275,154,常宁市,2
1276,154,衡阳县,3
1277,154,衡东县,4
1278,154,衡山县,5
1279,154,衡南县,6
1280,154,祁东县,7
1281,154,雁峰区,8
1282,154,珠晖区,9
1283,154,南岳区,10
1284,154,石鼓区,11
1285,154,蒸湘区,12
1286,155,双清区,1
1287,155,大祥区,2
1288,155,北塔区,3
1289,155,武冈市,4
1290,155,邵东县,5
1291,155,洞口县,6
1292,155,新邵县,7
1293,155,绥宁县,8
1294,155,新宁县,9
1295,155,邵阳县,10
1296,155,隆回县,11
1297,155,城步苗族自治县,12
1298,156,临湘市,1
1299,156,汩罗市,2
1300,156,岳阳县,3
1301,156,湘阴县,4
1302,156,平江县,5
1303,156,华容县,6
1304,156,岳阳楼区,7
1305,156,君山区,8
1306,156,云溪区,9
1307,157,武陵区,1
1308,157,鼎城区,2
1309,157,津市市,3
1310,157,澧县,4
1311,157,临澧县,5
1312,157,桃源县,6
1313,157,汉寿县,7
1314,157,安乡县,8
1315,157,石门县,9
1316,158,慈利县,1
1317,158,桑植县,2
1318,158,永定区,3
1319,158,武陵源区,4
1320,159,冷水江市,1
1321,159,涟源市,2
1322,159,新化县,3
1323,159,双峰县,4
1324,159,娄星区,5
1325,160,北湖区,1
1326,160,苏仙区,2
1327,160,资兴市,3
1328,160,宜章县,4
1329,160,汝城县,5
1330,160,安仁县,6
1331,160,嘉禾县,7
1332,160,临武县,8
1333,160,桂东县,9
1334,160,永兴县,10
1335,160,桂阳县,11
1336,161,祁阳县,1
1337,161,蓝山县,2
1338,161,宁远县,3
1339,161,新田县,4
1340,161,东安县,5
1341,161,江永县,6
1342,161,道县,7
1343,161,双牌县,8
1344,161,江华瑶族自治县,9
1345,161,芝山区,10
1346,161,冷水滩区,11
1347,162,鹤城区,1
1348,162,洪江市,2
1349,162,会同县,3
1350,162,沅陵县,4
1351,162,辰溪县,5
1352,162,溆浦县,6
1353,162,中方县,7
1354,162,新晃侗族自治县,8
1355,162,芷江侗族自治县,9
1356,162,通道侗族自治县,10
1357,162,靖州苗族侗族自治县,11
1358,162,麻阳苗族自治县,12
1359,163,赫山区,1
1360,163,资阳区,2
1361,163,沅江市,3
1362,163,桃江县,4
1363,163,南县,5
1364,163,安化县,6
1365,164,吉首市,1
1366,164,古丈县,2
1367,164,龙山县,3
1368,164,永顺县,4
1369,164,凤凰县,5
1370,164,泸溪县,6
1371,164,保靖县,7
1372,164,花垣县,8
1373,165,江宁区,1
1374,165,六合区,2
1375,165,溧水县,3
1376,165,高淳县,4
1377,165,玄武区,5
1378,165,栖霞区,6
1379,165,雨花台区,7
1380,165,白下区,8
1381,165,秦淮区,9
1382,165,建邺区,10
1383,165,鼓楼区,11
1384,165,下关区,12
1385,165,浦口区,13
1386,166,云龙区,1
1387,166,贾汪区,2
1388,166,九里区,3
1389,166,泉山区,4
1390,166,鼓楼区,5
1391,166,邳州市,6
1392,166,新沂市,7
1393,166,铜山县,8
1394,166,丰县,9
1395,166,沛县,10
1396,166,睢宁县,11
1397,167,新浦区,1
1398,167,海州区,2
1399,167,连云区,3
1400,167,赣榆县,4
1401,167,东海县,5
1402,167,灌云县,6
1403,167,灌南县,7
1404,168,清河区,1
1405,168,清浦区,2
1406,168,淮阴区,3
1407,168,涟水县,4
1408,168,洪泽县,5
1409,168,盱眙县,6
1410,168,金湖县,7
1411,168,楚州区,8
1412,169,城区,1
1413,169,东台市,2
1414,169,滨海县,3
1415,169,阜宁县,4
1416,169,射阳县,5
1417,169,建湖县,6
1418,169,盐都县,7
1419,169,响水县,8
1420,169,大丰市,9
1421,170,广陵区,1
1422,170,邗江区,2
1423,170,高邮市,3
1424,170,仪征市,4
1425,170,江都市,5
1426,170,宝应县,6
1427,170,维扬区,7
1428,171,崇川区,1
1429,171,港闸区,2
1430,171,如皋市,3
1431,171,通州市,4
1432,171,海门市,5
1433,171,启东市,6
1434,171,海安县,7
1435,171,如东县,8
1436,172,京口区,1
1437,172,润州区,2
1438,172,扬中市,3
1439,172,句容市,4
1440,172,丹阳市,5
1441,172,丹徒区,6
1442,173,天宁区,1
1443,173,钟楼区,2
1444,173,戚墅堰区,3
1445,173,新北区,4
1446,173,武进区,5
1447,173,金坛市,6
1448,173,溧阳市,7
1449,174,崇安区,1
1450,174,南长区,2
1451,174,北塘区,3
1452,174,惠山区,4
1453,174,新区,5
1454,174,江阴市,6
1455,174,锡山区,7
1456,174,宜兴市,8
1457,174,滨湖区,9
1458,175,沧浪区,1
1459,175,金阊区,2
1460,175,虎丘区,3
1461,175,吴中区,4
1462,175,相城区,5
1463,175,常熟市,6
1464,175,张家港市,7
1465,175,太仓市,8
1466,175,昆山市,9
1467,175,吴江市,10
1468,175,平江区,11
1473,176,海陵区,1
1474,176,高港区,2
1475,176,兴化市,3
1476,176,靖江市,4
1477,176,泰兴市,5
1478,176,姜堰市,6
1479,177,宿城区,1
1480,177,宿豫县,2
1481,177,沐阳县,3
1482,177,泗阳县,4
1483,177,泗洪县,5
1484,178,东湖区,1
1485,178,西湖区,2
1486,178,青云谱区,3
1487,178,湾里区,4
1488,178,青山湖区,5
1489,178,新建县,6
1490,178,南昌县,7
1491,178,进贤县,8
1492,178,安义县,9
1493,179,珠山区,1
1494,179,昌江区,2
1495,179,乐平市,3
1496,179,浮梁县,4
1497,180,湘东区,1
1498,180,莲花县,2
1499,180,上栗县,3
1500,180,芦溪县,4
1501,180,安源区,5
1502,181,渝水区,1
1503,181,分宜县,2
1504,182,浔阳区,1
1505,182,庐山区,2
1506,182,瑞昌市,3
1507,182,德安县,4
1508,182,九江县,5
1509,182,星子县,6
1510,182,武宁县,7
1511,182,彭泽县,8
1512,182,永修县,9
1513,182,修水县,10
1514,182,湖口县,11
1515,182,都昌县,12
1516,183,贵溪市,1
1517,183,余江县,2
1518,183,月湖区,3
1519,184,信州区,1
1520,184,德兴市,2
1521,184,上饶县,3
1522,184,广丰县,4
1523,184,波阳县,5
1524,184,婺源县,6
1525,184,铅山县,7
1526,184,余干县,8
1527,184,横峰县,9
1528,184,弋阳县,10
1529,184,玉山县,11
1530,184,万年县,12
1531,185,袁州区,1
1532,185,丰城市,2
1533,185,樟树市,3
1534,185,高安市,4
1535,185,铜鼓县,5
1536,185,靖安县,6
1537,185,宜丰县,7
1538,185,奉新县,8
1539,185,万载县,9
1540,185,上高县,10
1541,186,临川区,1
1542,186,南丰县,2
1543,186,乐安县,3
1544,186,金溪县,4
1545,186,南城县,5
1546,186,东乡县,6
1547,186,资溪县,7
1548,186,宜黄县,8
1549,186,广昌县,9
1550,186,黎川县,10
1551,186,崇仁县,11
1552,187,吉州区,1
1553,187,井冈山市,2
1554,187,吉安县,3
1555,187,永丰县,4
1556,187,永新县,5
1557,187,新干县,6
1558,187,泰和县,7
1559,187,峡江县,8
1560,187,遂川县,9
1561,187,安福县,10
1562,187,吉水县,11
1563,187,宁冈县,12
1564,187,万安县,13
1565,187,青原区,14
1566,188,章贡区,1
1567,188,瑞金市,2
1568,188,南康市,3
1569,188,石城县,4
1570,188,安远县,5
1571,188,赣县,6
1572,188,宁都县,7
1573,188,寻乌县,8
1574,188,兴国县,9
1575,188,定南县,10
1576,188,上犹县,11
1577,188,于都县,12
1578,188,龙南县,13
1579,188,崇义县,14
1580,188,信丰县,15
1581,188,全南县,16
1582,188,大余县,17
1583,188,会昌县,18
1584,189,朝阳区,1
1585,189,宽城区,2
1586,189,二道区,3
1587,189,南关区,4
1588,189,绿园区,5
1589,189,双阳区,6
1590,189,九台市,7
1591,189,榆树市,8
1592,189,德惠市,9
1593,189,农安县,10
1594,190,船营区,1
1595,190,昌邑区,2
1596,190,龙潭区,3
1597,190,丰满区,4
1598,190,舒兰市,5
1599,190,桦甸市,6
1600,190,蛟河市,7
1601,190,磐石市,8
1602,190,永吉县,9
1603,191,铁西区,1
1604,191,铁东区,2
1605,191,公主岭市,3
1606,191,双辽市,4
1607,191,梨树县,5
1608,191,伊道满族自治县,6
1609,192,龙山区,1
1610,192,西安区,2
1611,192,东辽县,3
1612,192,东丰县,4
1613,193,东昌区,1
1614,193,二道江区,2
1615,193,梅河口市,3
1616,193,集安市,4
1617,193,通化县,5
1618,193,辉南县,6
1619,193,柳河县,7
1620,194,洮北区,1
1621,194,洮南市,2
1622,194,大安市,3
1623,194,镇赉县,4
1624,194,通榆县,5
1625,195,延吉市,1
1626,195,图们市,2
1627,195,敦化市,3
1628,195,龙井市,4
1629,195,珲春市,5
1630,195,和龙市,6
1631,195,安图县,7
1632,195,汪清县,8
1633,196,八道江区,1
1634,196,临江市,2
1635,196,靖宇县,3
1636,196,抚松县,4
1637,196,江源县,5
1638,196,长白朝鲜族自治县,6
1639,197,宁江区,1
1640,197,乾安县,2
1641,197,长岭县,3
1642,197,扶余县,4
1643,197,前郭尔罗斯蒙古族自治县,5
1644,198,新民市,1
1645,198,法库县,2
1646,198,辽中县,3
1647,198,康平县,4
1648,198,沈河区,5
1649,198,皇姑区,6
1650,198,和平区,7
1651,198,铁西区,8
1652,198,东陵区,9
1653,198,新城子区,10
1654,198,于洪区,11
1655,198,苏家屯区,12
1656,198,大东区,13
1657,199,瓦房店市,1
1658,199,普兰店市,2
1659,199,庄河市,3
1660,199,长海县,4
1661,199,西岗区,5
1662,199,中山区,6
1663,199,沙河口区,7
1664,199,甘井子区,8
1665,199,旅顺口区,9
1666,199,金州区,10
1667,200,铁东区,1
1668,200,铁西区,2
1669,200,立山区,3
1670,200,千山区,4
1671,200,海城市,5
1672,200,台安县,6
1673,200,岫岩满族自治县,7
1674,201,抚顺县,1
1675,201,清原满族自治县,2
1676,201,新宾满族自治县,3
1677,201,新抚区,4
1678,201,东洲区,5
1679,201,望花区,6
1680,201,顺城区,7
1681,202,平山区,1
1682,202,明山区,2
1683,202,溪湖区,3
1684,202,南芬区,4
1685,202,本溪满族自治县,5
1686,202,桓仁满族自治县,6
1687,203,东港市,1
1688,203,凤城市,2
1689,203,宽甸满族自治县,3
1690,203,振兴区,4
1691,203,元宝区,5
1692,203,振安区,6
1693,204,凌海市,1
1694,204,北宁市,2
1695,204,黑山县,3
1696,204,义县,4
1697,204,太和区,5
1698,204,古塔区,6
1699,204,凌河区,7
1700,205,大石桥市,1
1701,205,盖州市,2
1702,205,站前区,3
1703,205,西市区,4
1704,205,鲅鱼圈区,5
1705,205,老边区,6
1706,206,海州区,1
1707,206,新邱区,2
1708,206,太平区,3
1709,206,清河门区,4
1710,206,细河区,5
1711,206,彰武县,6
1712,206,阜新蒙古族自治县,7
1713,207,灯塔市,1
1714,207,辽阳县,2
1715,207,白塔区,3
1716,207,文圣区,4
1717,207,宏伟区,5
1718,207,太子河区,6
1719,207,弓长岭区,7
1720,208,调兵山市,1
1721,208,开原市,2
1722,208,铁岭县,3
1723,208,昌图县,4
1724,208,西丰县,5
1725,208,银州区,6
1726,208,清河区,7
1727,209,凌源市,1
1728,209,北票市,2
1729,209,朝阳县,3
1730,209,建平县,4
1731,209,喀喇沁左翼蒙古族自治县,5
1732,209,双塔区,6
1733,209,龙城区,7
1734,210,兴城市,1
1735,210,绥中县,2
1736,210,建昌县,3
1737,210,龙港区,4
1738,210,南票区,5
1739,210,连山区,6
1740,211,盘山县,1
1741,211,大洼县,2
1742,211,双台子区,3
1743,211,兴隆台区,4
1744,212,托克托县,1
1745,212,清水河县,2
1746,212,武川县,3
1747,212,和林格尔县,4
1748,212,土默特左旗,5
1749,212,回民区,6
1750,212,玉泉区,7
1751,212,新城区,8
1752,212,赛罕区,9
1753,213,昆都仑区,1
1754,213,青山区,2
1755,213,东河区,3
1756,213,石拐区,4
1757,213,白云矿区,5
1758,213,九原区,6
1759,213,固阳县,7
1760,213,土默特右旗,8
1761,213,达尔罕茂明安联合旗,9
1762,214,海勃湾区,1
1763,214,乌达区,2
1764,214,海南区,3
1765,215,红山区,1
1766,215,元宝山区,2
1767,215,松山区,3
1768,215,宁城县,4
1769,215,林西县,5
1770,215,喀喇沁旗,6
1771,215,巴林左旗,7
1772,215,敖汉旗,8
1773,215,阿鲁科尔沁旗,9
1774,215,翁牛特旗,10
1775,215,克什克腾旗,11
1776,215,巴林右旗,12
1777,216,集宁市,1
1778,216,丰镇市,2
1779,216,兴和县,3
1780,216,卓资县,4
1781,216,商都县,5
1782,216,凉城县,6
1783,216,化德县,7
1784,216,察哈尔右翼前旗,8
1785,216,察哈尔右翼中旗,9
1786,216,察哈尔右翼后旗,10
1787,216,四子王旗,11
1788,217,锡林浩特市,1
1789,217,二连浩特市,2
1790,217,多伦县,3
1791,217,阿巴嘎旗,4
1792,217,西乌珠穆沁旗,5
1793,217,东乌珠穆沁旗,6
1794,217,苏尼特左旗,7
1795,217,苏尼特右旗,8
1796,217,太仆寺旗,9
1797,217,正镶白旗,10
1798,217,正蓝旗,11
1799,217,镶黄旗,12
1800,218,海拉尔市,1
1801,218,满洲里市,2
1802,218,牙克石市,3
1803,218,扎兰屯市,4
1804,218,根河市,5
1805,218,额尔古纳市,6
1806,218,陈巴尔虎旗,7
1807,218,阿荣旗,8
1808,218,新巴尔虎左旗,9
1809,218,新巴尔虎右旗,10
1810,218,鄂伦春自治旗,11
1811,218,莫力达瓦达斡尔族自治旗,12
1812,218,鄂温克族自治旗,13
1813,219,科尔沁区,1
1814,219,霍林郭勒市,2
1815,219,开鲁县,3
1816,219,科尔沁左翼中旗,4
1817,219,科尔沁左翼后旗,5
1818,219,库伦旗,6
1819,219,奈曼旗,7
1820,219,扎鲁特旗,8
1821,220,东胜区,1
1822,220,准格尔旗,2
1823,220,乌审旗,3
1824,220,伊金霍洛旗,4
1825,220,鄂托克旗,5
1826,220,鄂托克前旗,6
1827,220,杭锦旗,7
1828,220,达拉特旗,8
1829,221,临河市,1
1830,221,五原县,2
1831,221,磴口县,3
1832,221,杭锦后旗,4
1833,221,乌拉特中旗,5
1834,221,乌拉特前旗,6
1835,221,乌拉特后旗,7
1836,222,阿拉善左旗,1
1837,222,阿拉善右旗,2
1838,222,额济纳旗,3
1839,223,乌兰浩特市,1
1840,223,阿尔山市,2
1841,223,突泉县,3
1842,223,扎贲特旗,4
1843,223,科尔沁右翼前旗,5
1844,223,科尔沁右翼中旗,6
1845,224,永宁县,1
1846,224,贺兰县,2
1847,224,西夏区,3
1848,224,金凤区,4
1849,224,兴庆区,5
1850,224,灵武市,6
1851,225,平罗县,1
1852,225,陶乐县,2
1853,225,惠农县,3
1854,225,大武口区,4
1855,225,石嘴山区,5
1856,226,青铜峡市,1
1857,226,同心县,2
1858,226,盐池县,3
1859,226,中卫县,4
1860,226,中宁县,5
1861,226,利通区,6
1862,227,原州区,1
1863,227,海原县,2
1864,227,西吉县,3
1865,227,隆德县,4
1866,227,泾源县,5
1867,227,彭阳县,6
1868,228,湟源县,1
1869,228,湟中县,2
1870,228,大通回族土族自治县,3
1871,228,城中区,4
1872,228,城东区,5
1873,228,城西区,6
1874,228,城北区,7
1875,229,平安县,1
1876,229,乐都县,2
1877,229,民和回族土族自治县,3
1878,229,互助土族自治县,4
1879,229,化隆回族自治县,5
1880,229,循化撒拉族自治县,6
1881,230,海晏县,1
1882,230,祁连县,2
1883,230,刚察县,3
1884,230,门源回族自治县,4
1885,231,同仁县,1
1886,231,泽库县,2
1887,231,尖扎县,3
1888,231,河南蒙古族自治县,4
1889,232,共和县,1
1890,232,同德县,2
1891,232,贵德县,3
1892,232,兴海县,4
1893,232,贵南县,5
1894,233,玛沁县,1
1895,233,班玛县,2
1896,233,甘德县,3
1897,233,达日县,4
1898,233,久治县,5
1899,233,玛多县,6
1900,234,玉树县,1
1901,234,杂多县,2
1902,234,称多县,3
1903,234,囊谦县,4
1904,234,曲麻莱县,5
1905,234,治多县,6
1906,235,德令哈市,1
1907,235,格尔木市,2
1908,235,乌兰县,3
1909,235,天峻县,4
1910,235,都兰县,5
1911,236,长安区,1
1912,236,高陵县,2
1913,236,蓝田县,3
1914,236,户县,4
1915,236,周至县,5
1916,236,莲湖区,6
1917,236,新城区,7
1918,236,雁塔区,8
1919,236,灞桥区,9
1920,236,未央区,10
1921,236,阎良区,11
1922,236,临潼区,12
1923,236,碑林区,13
1924,237,耀州区,1
1925,237,宜君县,2
1926,237,王益区,3
1927,237,印台区,4
1928,238,宝鸡县,1
1929,238,岐山县,2
1930,238,凤翔县,3
1931,238,陇县,4
1932,238,太白县,5
1933,238,麟游县,6
1934,238,扶风县,7
1935,238,千阳县,8
1936,238,眉县,9
1937,238,凤县,10
1938,238,渭滨区,11
1939,238,金台区,12
1940,239,礼泉县,1
1941,239,泾阳县,2
1942,239,永寿县,3
1943,239,三原县,4
1944,239,彬县,5
1945,239,旬邑县,6
1946,239,长武县,7
1947,239,乾县,8
1948,239,武功县,9
1949,239,淳化县,10
1950,239,秦都区,11
1951,239,渭城区,12
1952,239,杨陵区,13
1953,240,安塞县,1
1954,240,洛川县,2
1955,240,子长县,3
1956,240,黄陵县,4
1957,240,延川县,5
1958,240,富县,6
1959,240,延长县,7
1960,240,甘泉县,8
1961,240,宜川县,9
1962,240,志丹县,10
1963,240,黄龙县,11
1964,240,吴旗县,12
1965,240,宝塔区,13
1966,241,韩城市,1
1967,241,华阴市,2
1968,241,蒲城县,3
1969,241,潼关县,4
1970,241,白水县,5
1971,241,澄城县,6
1972,241,华县,7
1973,241,合阳县,8
1974,241,富平县,9
1975,241,大荔县,10
1976,241,临渭区,11
1977,242,商州区,1
1978,242,镇安县,2
1979,242,山阳县,3
1980,242,洛南县,4
1981,242,商南县,5
1982,242,丹凤县,6
1983,242,柞水县,7
1984,243,汉滨区,1
1985,243,紫阳县,2
1986,243,旬阳县,3
1987,243,镇坪县,4
1988,243,平利县,5
1989,243,石泉县,6
1990,243,宁陕县,7
1991,243,白河县,8
1992,243,汉阴县,9
1993,243,岚皋县,10
1994,244,绥德县,1
1995,244,神木县,2
1996,244,佳县,3
1997,244,府谷县,4
1998,244,子洲县,5
2000,244,横山县,6
2001,244,米脂县,7
2002,244,吴堡县,8
2004,244,清涧县,9
2005,244,榆阳区,10
2006,245,留坝县,1
2007,245,镇巴县,2
2008,245,城固县,3
2009,245,南郑县,4
2010,245,洋县,5
2011,245,宁强县,6
2012,245,佛坪县,7
2013,245,勉县,8
2014,245,西乡县,9
2015,245,略阳县,10
2016,245,汉台区,11
2017,246,市中区,1
2018,246,历下区,2
2019,246,天桥区,3
2020,246,槐荫区,4
2021,246,历城区,5
2022,246,章丘市,6
2023,246,长清区,7
2024,246,平阴县,8
2025,246,济阳县,9
2026,246,商河县,10
2027,247,市南区,1
2028,247,市北区,2
2029,247,城阳区,3
2030,247,四方区,4
2031,247,李沧区,5
2032,247,黄岛区,6
2033,247,崂山区,7
2034,247,胶南市,8
2035,247,胶州市,9
2038,247,即墨市,10
2039,248,张店区,1
2040,248,临淄区,2
2041,248,淄川区,3
2042,248,博山区,4
2043,248,周村区,5
2044,248,桓台县,6
2045,248,高青县,7
2046,248,沂源县,8
2047,249,市中区,1
2048,249,山亭区,2
2049,249,峄城区,3
2050,249,台儿庄区,4
2051,249,薛城区,5
2052,249,滕州市,6
2053,250,东营区,1
2054,250,河口区,2
2055,250,垦利县,3
2056,250,广饶县,4
2057,250,利津县,5
2058,251,潍城区,1
2059,251,寒亭区,2
2060,251,坊子区,3
2061,251,奎文区,4
2062,251,青州市,5
2063,251,诸城市,6
2064,251,寿光市,7
2065,251,安丘市,8
2066,251,高密市,9
2067,251,昌邑市,10
2068,251,昌乐县,11
2069,251,临朐县,12
2070,252,芝罘区,1
2071,252,福山区,2
2072,252,牟平区,3
2073,252,莱山区,4
2074,252,龙口市,5
2078,252,蓬莱市,6
2081,252,长岛县,7
2082,253,环翠区,1
2084,253,文登市,2
2085,253,荣成市,3
2086,254,市中区,1
2087,254,任城区,2
2088,254,曲阜市,3
2089,254,兖州市,4
2090,254,邹城市,5
2091,254,鱼台县,6
2092,254,金乡县,7
2093,254,嘉祥县,8
2094,254,微山县,9
2095,254,汶上县,10
2096,254,泗水县,11
2097,254,梁山县,12
2098,255,泰山区,1
2099,255,岱岳区,2
2100,255,新泰市,3
2101,255,肥城市,4
2102,255,宁阳县,5
2103,255,东平县,6
2104,256,东港区,1
2105,256,五莲县,2
2106,256,莒县,3
2107,257,莱城区,1
2108,257,钢城区,2
2109,258,德城区,1
2110,258,乐陵市,2
2111,258,禹城市,3
2112,258,陵县,4
2113,258,宁津县,5
2114,258,齐河县,6
2115,258,武城县,7
2116,258,庆云县,8
2117,258,平原县,9
2118,258,夏津县,10
2119,258,临邑县,11
2120,259,滨州区,1
2121,259,邹平县,2
2122,259,沾化县,3
2123,259,惠民县,4
2124,259,博兴县,5
2125,259,阳信县,6
2126,259,无棣县,7
2127,260,兰山区,1
2128,260,罗庄区,2
2129,260,河东区,3
2130,260,沂南县,4
2131,260,郯城县,5
2132,260,沂水县,6
2133,260,苍山县,7
2134,260,费县,8
2135,260,平邑县,9
2136,260,莒南县,10
2137,260,蒙阴县,11
2138,260,临沭县,12
2139,261,牡丹区,1
2140,261,鄄城县,2
2141,261,单县,3
2142,261,郓城县,4
2143,261,曹县,5
2144,261,定陶县,6
2145,261,巨野县,7
2146,261,东明县,8
2147,261,成武县,9
2148,262,东昌府区,1
2149,262,临清市,2
2150,262,高唐县,3
2151,262,阳谷县,4
2152,262,茌平县,5
2153,262,莘县,6
2154,262,东阿县,7
2155,262,冠县,8
2156,263,古交市,1
2157,263,阳曲县,2
2158,263,清徐县,3
2159,263,娄烦县,4
2160,263,杏花岭区,5
2161,263,小店区,6
2162,263,迎泽区,7
2163,263,尖草坪区,8
2164,263,万柏林区,9
2165,263,晋源区,10
2166,264,大同县,1
2167,264,天镇县,2
2168,264,灵丘县,3
2169,264,阳高县,4
2170,264,左云县,5
2171,264,广灵县,6
2172,264,浑源县,7
2173,264,城区,8
2174,264,矿区,9
2175,264,南郊区,10
2176,264,新荣区,11
2177,265,平定县,1
2178,265,盂县,2
2179,265,城区,3
2180,265,矿区,4
2181,265,郊区,5
2182,266,潞城市,1
2183,266,长治县,2
2184,266,长子县,3
2185,266,平顺县,4
2186,266,襄垣县,5
2187,266,沁源县,6
2188,266,屯留县,7
2189,266,黎城县,8
2190,266,武乡县,9
2191,266,沁县,10
2192,266,壶关县,11
2193,266,城区,12
2194,266,郊区,13
2195,267,高平市,1
2196,267,泽州县,2
2197,267,陵川县,3
2198,267,阳城县,4
2199,267,沁水县,5
2200,267,城区,6
2201,268,山阴县,1
2202,268,右玉县,2
2203,268,应县,3
2204,268,怀仁县,4
2205,268,朔城区,5
2206,268,平鲁区,6
2207,269,介休市,1
2208,269,昔阳县,2
2209,269,灵石县,3
2210,269,祁县,4
2211,269,左权县,5
2212,269,寿阳县,6
2213,269,太谷县,7
2214,269,和顺县,8
2215,269,平遥县,9
2216,269,榆社县,10
2217,269,榆次区,11
2218,270,忻府区,1
2219,270,原平市,2
2220,270,代县,3
2221,270,神池县,4
2222,270,五寨县,5
2223,270,五台县,6
2224,270,偏关县,7
2225,270,宁武县,8
2226,270,静乐县,9
2227,270,繁峙县,10
2228,270,河曲县,11
2229,270,保德县,12
2230,270,定襄县,13
2231,270,岢岚县,14
2232,271,离石市,1
2233,271,孝义市,2
2234,271,汾阳市,3
2235,271,文水县,4
2236,271,中阳县,5
2237,271,兴县,6
2238,271,临县,7
2239,271,方山县,8
2240,271,柳林县,9
2241,271,岚县,10
2242,271,交口县,11
2243,271,交城县,12
2244,271,石楼县,13
2245,272,侯马市,1
2246,272,霍州市,2
2247,272,汾西县,3
2248,272,吉县,4
2249,272,安泽县,5
2250,272,大宁县,6
2251,272,浮山县,7
2252,272,古县,8
2253,272,隰县,9
2254,272,襄汾县,10
2255,272,翼城县,11
2256,272,永和县,12
2257,272,乡宁县,13
2258,272,曲沃县,14
2259,272,洪洞县,15
2260,272,蒲县,16
2261,272,尧都区,17
2262,273,盐湖区,1
2263,273,河津市,2
2264,273,永济市,3
2265,273,闻喜县,4
2266,273,新绛县,5
2267,273,平陆县,6
2268,273,垣曲县,7
2269,273,绛县,8
2270,273,稷山县,9
2271,273,芮城县,10
2272,273,夏县,11
2273,273,万荣县,12
2274,273,临猗县,13
2275,274,虹口区,1
2276,274,徐汇区,2
2277,274,杨浦区,3
2278,274,黄浦区,4
2279,274,静安区,5
2280,274,卢湾区,6
2281,274,闸北区,7
2282,274,奉贤区,8
2283,274,金山区,9
2284,274,南汇区,10
2285,274,青浦区,11
2286,274,嘉定区,12
2287,274,长宁区,13
2288,274,普陀区,14
2289,274,崇明县,15
2290,274,松江区,16
2291,274,闵行（外环以内）,17
2292,274,宝山区（南大路以南）,18
2293,274,闵行区（其他）,19
2294,274,浦东（其他）,20
2295,274,宝山区（其他）,21
2296,274,张江高科技园区,22
2297,274,金桥出口加工区,23
2298,274,外高桥保税区,24
2304,275,都江堰市,1
2305,275,彭州市,2
2306,275,邛崃市,3
2307,275,崇州市,4
2308,275,金堂县,5
2309,275,温江区,6
2310,275,郫县,7
2311,275,新津县,8
2312,275,双流县,9
2313,275,新都区,10
2314,275,蒲江县,11
2315,275,大邑县,12
2316,275,青羊区,13
2317,275,锦江区,14
2318,275,金牛区,15
2319,275,武侯区,16
2320,275,成华区,17
2321,275,龙泉驿区,18
2322,275,青白江区,19
2323,276,荣县,1
2324,276,富顺县,2
2325,276,自流井区,3
2326,276,大安区,4
2327,276,贡井区,5
2328,276,沿滩区,6
2329,277,华蓥市,1
2330,277,岳池县,2
2331,277,邻水县,3
2332,277,武胜县,4
2333,277,广安区,5
2334,278,米易县,1
2335,278,盐边县,2
2336,278,东区,3
2337,278,西区,4
2338,278,仁和区,5
2339,279,泸县,1
2340,279,合江县,2
2341,279,叙永县,3
2342,279,古蔺县,4
2343,279,江阳区,5
2344,279,纳溪区,6
2345,279,龙马潭区,7
2346,280,广汉市,1
2347,280,什邡市,2
2348,280,绵竹市,3
2349,280,罗江县,4
2350,280,中江县,5
2351,280,旌阳区,6
2352,281,江油市,1
2353,281,盐亭县,2
2354,281,三台县,3
2355,281,平武县,4
2356,281,北川县,5
2357,281,安县,6
2358,281,梓潼县,7
2359,281,涪城区,8
2360,281,游仙区,9
2361,282,青川县,1
2362,282,旺苍县,2
2363,282,剑阁县,3
2364,282,苍溪县,4
2365,282,元坝区,5
2366,282,朝天区,6
2367,282,市中区,7
2368,283,射洪县,1
2369,283,蓬溪县,2
2370,283,市中区,3
2371,283,大英县,4
2372,284,峨眉山市,1
2373,284,夹江县,2
2374,284,井研县,3
2375,284,犍为县,4
2376,284,沐川县,5
2377,284,马边彝族自治县,6
2378,284,峨边彝族自治县,7
2379,284,五通桥区,8
2380,284,沙湾区,9
2381,284,金口河区,10
2382,284,市中区,11
2383,285,资中县,1
2384,285,隆昌县,2
2385,285,威远县,3
2386,285,市中区,4
2387,285,东兴区,5
2388,286,宜宾县,1
2389,286,兴文县,2
2390,286,南溪县,3
2391,286,珙县,4
2392,286,长宁县,5
2393,286,高县,6
2394,286,江安县,7
2395,286,筠连县,8
2396,286,屏山县,9
2397,286,翠屏区,10
2398,287,阆中市,1
2399,287,营山县,2
2400,287,蓬安县,3
2401,287,仪陇县,4
2402,287,南部县,5
2403,287,西充县,6
2404,287,顺庆区,7
2405,287,高坪区,8
2406,287,嘉陵区,9
2407,288,雁江区,1
2408,288,简阳市,2
2409,288,安岳县,3
2410,288,乐至县,4
2411,289,雨城区,1
2412,289,芦山县,2
2413,289,石棉县,3
2414,289,名山县,4
2415,289,天全县,5
2416,289,荥经县,6
2417,289,宝兴县,7
2418,289,汉源县,8
2419,290,巴州区,1
2420,290,南江县,2
2421,290,平昌县,3
2422,290,通江县,4
2423,291,通川区,1
2424,291,万源市,2
2425,291,达县,3
2426,291,渠县,4
2427,291,宣汉县,5
2428,291,开江县,6
2429,291,大竹县,7
2430,292,东坡区,1
2431,292,仁寿县,2
2432,292,彭山县,3
2433,292,洪雅县,4
2434,292,丹棱县,5
2435,292,青神县,6
2436,293,西昌市,1
2437,293,盐源县,2
2438,293,德昌县,3
2439,293,会理县,4
2440,293,会东县,5
2441,293,宁南县,6
2442,293,普格县,7
2443,293,布拖县,8
2444,293,金阳县,9
2445,293,昭觉县,10
2446,293,喜德县,11
2447,293,冕宁县,12
2448,293,越西县,13
2449,293,甘洛县,14
2450,293,美姑县,15
2451,293,雷波县,16
2452,293,木里藏族自治县,17
2453,294,康定县,1
2454,294,丹巴县,2
2455,294,炉霍县,3
2456,294,九龙县,4
2457,294,甘孜县,5
2458,294,得荣县,6
2459,294,雅江县,7
2460,294,新龙县,8
2461,294,道孚县,9
2462,294,白玉县,10
2463,294,理塘县,11
2464,294,德格县,12
2465,294,乡城县,13
2466,294,石渠县,14
2467,294,稻城县,15
2468,294,色达县,16
2469,294,巴塘县,17
2470,294,泸定县,18
2471,295,马尔康县,1
2472,295,九寨沟县,2
2473,295,红原县,3
2474,295,汶川县,4
2475,295,阿坝县,5
2476,295,理县,6
2477,295,若乐盖县,7
2478,295,小金县,8
2479,295,黑水县,9
2480,295,金川县,10
2481,295,松潘县,11
2482,295,壤塘县,12
2483,295,茂县,13
2484,297,和平区,1
2485,297,河东区,2
2486,297,河西区,3
2487,297,南开区,4
2488,297,河北区,5
2489,297,红桥区,6
2490,297,塘沽区,7
2491,297,汉沽区,8
2492,297,大港区,9
2493,297,东丽区,10
2494,297,西青区,11
2495,297,北辰区,12
2496,297,津南区,13
2497,297,静海县,14
2498,297,武清区,15
2499,297,宁河县,16
2500,297,宝坻区,17
2501,297,蓟县,18
2502,298,天山区,1
2503,298,沙依巴克区,2
2504,298,沙依巴克区,3
2505,298,水磨沟区,4
2506,298,头屯河区,5
2507,298,达坂城区,6
2508,298,东山区,7
2509,298,乌鲁木齐县,8
2510,299,克拉玛依区,1
2511,299,独山子区,2
2512,299,白碱滩区,3
2513,299,乌尔禾区,4
2515,300,图木舒克市,1
2516,300,阿拉尔市,2
2518,301,吐鲁番市,1
2519,301,托克逊县,2
2520,301,鄯善县,3
2521,302,哈密市,1
2522,302,伊吾县,2
2523,302,巴里坤哈萨克自治县,3
2524,303,和田市,1
2525,303,和田县,2
2526,303,洛浦县,3
2527,303,民丰县,4
2528,303,皮山县,5
2529,303,策勒县,6
2530,303,于田县,7
2531,303,墨玉县,8
2533,304,阿克苏市,1
2534,304,温宿县,2
2535,304,沙雅县,3
2536,304,拜城县,4
2537,304,阿瓦提县,5
2538,304,库车县,6
2539,304,柯坪县,7
2540,304,新和县,8
2541,304,乌什县,9
2542,305,喀什市,1
2543,305,巴楚县,2
2544,305,泽普县,3
2545,305,伽师县,4
2546,305,叶城县,5
2547,305,岳普湖县,6
2548,305,疏勒县,7
2549,305,麦盖提县英吉沙县,8
2550,305,莎车县,9
2551,305,疏附县,10
2552,305,塔什库尔干塔吉克自治县,11
2553,305,英吉沙县,12
2554,306,阿图什市,1
2556,306,乌恰县,2
2557,306,阿克陶县,3
2558,307,和静县,1
2559,307,尉犁县,2
2560,307,和硕县,3
2561,307,且末县,4
2562,307,博湖县,5
2563,307,轮台县,6
2564,307,若羌县,7
2565,307,焉耆回族自治县,8
2566,307,库尔勒市,9
2567,308,昌吉市,1
2568,308,阜康市,2
2569,308,米泉市,3
2570,308,奇台县,4
2571,308,玛纳斯县,5
2572,308,呼图壁县,6
2573,308,木垒哈萨克自治县,7
2574,308,吉木萨尔县,8
2575,309,博乐市,1
2576,309,精河县,2
2577,309,温泉县,3
2578,310,伊宁市,1
2579,310,哈巴河县,2
2580,310,塔城市,3
2582,310,伊宁县,4
2583,310,特克斯县,5
2584,310,尼勒克县,6
2585,310,昭苏县,7
2586,310,新源县,8
2587,310,霍城县,9
2588,310,巩留县,10
2589,310,察布查尔锡伯自治县,11
2590,310,额敏县,12
2591,310,裕民县,13
2593,310,托里县,14
2594,310,和布克赛尔蒙古自治县,15
2595,310,阿勒泰市,16
2596,310,青河县,17
2597,310,吉木乃县,18
2598,310,富蕴县,19
2599,310,布尔津县,20
2601,311,香港,1
2602,314,林周县,1
2603,314,达孜县,2
2604,314,尼木县,3
2605,314,当雄县,4
2606,314,曲水县,5
2607,314,墨竹工卡县,6
2608,314,堆龙德庆县,7
2609,314,城关区,8
2610,315,那曲县,1
2611,315,嘉黎县,2
2612,315,申扎县,3
2613,315,巴青县,4
2614,315,聂荣县,5
2615,315,尼玛县,6
2616,315,比如县,7
2617,315,索县,8
2619,315,安多县,9
2620,316,昌都县,1
2621,316,芒康县,2
2622,316,贡觉县,3
2623,316,八宿县,4
2624,316,左贡县,5
2625,316,边坝县,6
2626,316,洛隆县,7
2627,316,江达县,8
2628,316,类乌齐县,9
2629,316,丁青县,10
2630,316,察雅县,11
2631,317,乃东县,1
2632,317,琼结县,2
2633,317,措美县,3
2634,317,加查县,4
2635,317,贡嘎县,5
2636,317,洛扎县,6
2637,317,曲松县,7
2638,317,桑日县,8
2639,317,扎囊县,9
2641,317,隆子县,10
2642,317,浪卡子县,11
2643,318,日喀则市,1
2645,318,白朗县,2
2646,318,江孜县,3
2647,318,拉孜县,4
2649,318,康马县,5
2650,318,聂拉木县,6
2651,318,吉隆县,7
2656,318,仲巴县,8
2657,318,萨嘎县,9
2658,318,仁布县,10
2661,319,噶尔县,1
2662,319,措勤县,2
2663,319,普兰县,3
2664,319,革吉县,4
2665,319,日土县,5
2666,319,札达县,6
2667,319,改则县,7
2668,320,林芝县,1
2671,320,米林县,2
2672,320,察隅县,3
2674,320,工布江达县,4
2675,321,安宁区,1
2676,321,富民县,2
2677,321,嵩明县,3
2678,321,呈贡县,4
2679,321,晋宁县,5
2680,321,宜良县,6
2681,321,禄劝彝族苗族自治县,7
2682,321,石林彝族自治县,8
2683,321,寻甸回族彝族自治县,9
2684,321,盘龙区,10
2685,321,五华区,11
2686,321,官渡区,12
2687,321,西山区,13
2688,321,东川区,14
2689,322,昭阳区,1
2690,322,永善县,2
2691,322,绥江县,3
2692,322,镇雄县,4
2693,322,大关县,5
2694,322,盐津县,6
2695,322,巧家县,7
2696,322,彝良县,8
2697,322,威信县,9
2698,322,水富县,10
2699,322,鲁甸县,11
2700,323,宣威市,1
2701,323,陆良县,2
2702,323,会泽县,3
2703,323,富源县,4
2704,323,罗平县,5
2705,323,马龙县,6
2706,323,师宗县,7
2707,323,沾益县,8
2708,323,麒麟区,9
2709,324,红塔区,1
2710,324,华宁县,2
2711,324,澄江县,3
2712,324,易门县,4
2713,324,通海县,5
2714,324,江川县,6
2715,324,元江哈尼族彝族傣族自治县,7
2716,324,新平彝族傣族自治县,8
2717,324,峨山彝族自治县,9
2718,325,思茅市,1
2719,325,普洱哈尼族彝族自治县,2
2720,325,景东彝族自治县,3
2721,325,镇沅彝族哈尼族拉祜族自治县,4
2722,325,景谷傣族彝族自治县,5
2723,325,墨江哈尼族自治县,6
2724,325,澜沧拉祜族自治县,7
2725,325,西盟佤族自治县,8
2726,325,江城哈尼族彝族自治县,9
2727,325,孟连傣族拉祜族佤族自治县,10
2728,326,临沧县,1
2729,326,镇康县,2
2730,326,凤庆县,3
2731,326,云县,4
2732,326,永德县,5
2733,326,双江拉祜族佤族布朗族傣族自治县,6
2734,326,沧源佤族自治县,7
2735,326,耿马傣族佤族自治县,8
2736,327,隆阳区,1
2737,327,施甸县,2
2738,327,昌宁县,3
2739,327,龙陵县,4
2740,327,腾冲县,5
2741,328,华坪县,1
2742,328,永胜县,2
2743,328,古城区,3
2744,328,宁蒗彝族自治县,4
2745,328,玉龙纳西族自治县,5
2746,329,文山县,1
2747,329,麻栗坡县,2
2748,329,砚山县,3
2749,329,广南县,4
2750,329,马关县,5
2751,329,富宁县,6
2752,329,西畴县,7
2753,329,丘北县,8
2754,330,个旧市,1
2755,330,开远市,2
2756,330,红河县,3
2757,330,绿春县,4
2758,330,蒙自县,5
2759,330,泸西县,6
2760,330,建水县,7
2761,330,元阳县,8
2762,330,石屏县,9
2763,330,金平苗族瑶族傣族自治县,10
2764,330,河口瑶族自治县,11
2765,330,屏边苗族自治县,12
2766,330,弥勒县,13
2767,331,景洪市,1
2768,331,勐海县,2
2769,331,勐腊县,3
2770,332,楚雄市,1
2771,332,元谋县,2
2772,332,南华县,3
2773,332,牟定县,4
2774,332,武定县,5
2775,332,大姚县,6
2776,332,双柏县,7
2777,332,禄丰县,8
2778,332,永仁县,9
2779,332,姚安县,10
2780,333,大理市,1
2781,333,剑川县,2
2782,333,弥渡县,3
2783,333,云龙县,4
2784,333,洱源县,5
2785,333,鹤庆县,6
2786,333,祥云县,7
2787,333,宾川县,8
2788,333,永平县,9
2789,333,漾濞彝族自治县,10
2790,333,巍山彝族回族自治县,11
2791,333,南涧彝族自治县,12
2792,334,潞西市,1
2793,334,瑞丽市,2
2794,334,盈江县,3
2795,334,梁河县,4
2796,334,陇川县,5
2797,335,泸水县,1
2798,335,福贡县,2
2799,335,兰坪白族普米族自治县,3
2800,335,贡山独龙族怒族自治县,4
2801,336,香格里拉县,1
2802,336,德钦县,2
2803,336,维西傈僳族自治县,3
2804,337,拱墅区,1
2805,337,西湖区,2
2806,337,上城区,3
2807,337,下城区,4
2808,337,江干区,5
2809,337,滨江区,6
2810,337,萧山区,7
2811,337,余杭区,8
2812,337,建德市,9
2813,337,富阳市,10
2814,337,临安市,11
2815,337,桐庐县,12
2816,337,淳安县,13
2817,338,海曙区,1
2818,338,江东区,2
2819,338,江北区,3
2820,338,镇海区,4
2821,338,北仑区,5
2822,338,余姚市,6
2823,338,慈溪市,7
2824,338,奉化市,8
2825,338,鄞州区,9
2826,338,宁海县,10
2827,338,象山县,11
2828,339,鹿城区,1
2829,339,龙湾区,2
2830,339,瓯海区,3
2831,339,瑞安市,4
2832,339,乐清市,5
2833,339,永嘉县,6
2834,339,洞头县,7
2835,339,平阳县,8
2836,339,苍南县,9
2837,339,文成县,10
2838,339,泰顺县,11
2839,340,秀城区,1
2840,340,秀洲区,2
2841,340,海宁市,3
2842,340,平湖市,4
2843,340,桐乡市,5
2844,340,嘉善县,6
2845,340,海盐县,7
2846,341,越城区,1
2847,341,诸暨市,2
2848,341,上虞市,3
2849,341,嵊州市,4
2850,341,绍兴县,5
2851,341,新昌县,6
2852,342,婺城区,1
2853,342,兰溪市,2
2854,342,义乌市,3
2855,342,东阳市,4
2856,342,永康市,5
2857,342,金东区,6
2858,342,武义县,7
2859,342,浦江县,8
2860,342,磐安县,9
2861,343,柯城区,1
2862,343,江山市,2
2863,343,衢江区,3
2864,343,龙游县,4
2865,343,常山县,5
2866,343,开化县,6
2867,344,定海区,1
2868,344,普陀区,2
2869,344,岱山县,3
2870,344,嵊泗县,4
2871,345,椒江区,1
2872,345,黄岩区,2
2873,345,路桥区,3
2874,345,临海市,4
2875,345,温岭市,5
2876,345,玉环县,6
2877,345,天台县,7
2878,345,仙居县,8
2879,345,三门县,9
2880,346,三门县,1
2881,346,景宁畲族自治县,2
2882,346,龙泉市,3
2883,346,缙云县,4
2884,346,青田县,5
2885,346,云和县,6
2886,346,遂昌县,7
2887,346,松阳县,8
2888,346,庆元县,9
2889,346,莲都区,10
2890,347,长兴县,1
2891,347,德清县,2
2892,347,安吉县,3
2893,347,湖州市区,4
2894,320,八一新村,5
2895,348,亚东县,1
2896,348,申札县,2
2897,348,班戈县,3
2898,348,南木林县,4
2899,348,岗巴县,5
2900,348,波密县,6
2901,348,定结县,7
2902,348,定日县,8
2903,348,昂仁县,9
2904,348,墨脱县,10
2905,348,朗县,11
2906,348,萨迦县,12
2907,348,谢通门县,13
2908,348,错那县,14
2909,349,武都县,1
2910,349,舟曲县,2
2911,349,文县,3
2912,349,岷县,4
2913,349,宕昌县,5
2914,350,茫崖,1
2915,350,冷湖,2
2916,351,定边县,1
2917,351,靖边县,2
2918,352,平度市,1
2919,352,栖霞市,2
2920,352,招远市,3
2921,352,乳山市,4
2922,352,海阳市,5
2923,352,莱西市,6
2924,352,莱阳市,7
2925,352,莱州市,8
2926,353,石河子市,2
2927,353,乌苏市,1
2928,353,沙湾县,3
2929,353,奎屯市,4
2930,298,五家渠市,9
2931,304,阿拉尔市,10
2932,304,阿合奇县,11